ABELL 0076|  9.94608 |   6.77447 | 12142| 0.040500| 60
ABELL 0147| 17.04350 |   2.16663 | 13401| 0.044700| 70 
ABELL 0150| 17.30947 |  13.16625 | 17628| 0.058800| 34
ABELL 0152| 17.46087 |  13.98270 | 17418| 0.058100| 
ABELL 0154A| 17.74197 |  17.66563 | 12836| 0.042816 |
ABELL 0160| 18.21417 |  15.51493 | 13401| 0.044700 |40
ABELL 0168A| 18.79081 |   0.23073 |  5451| 0.018183 |
ABELL 0168| 18.79084 |   0.24739 | 13491| 0.045000 |89
ABELL 0168 NED01| 18.79084 |   0.24739 |  5276| 0.017599 |
ABELL 0168 NED02| 18.79084 |   0.24739 | 13491| 0.045000 |
ABELL 0179| 20.44926 |  19.47807 | 16399| 0.054700 |
ABELL 0189| 20.91824 |   1.64394 |  9833| 0.032800 |60
ABELL 0193| 21.28064 |   8.69331 | 14566| 0.048587 |
ABELL 0193B| 21.28067 |   8.70998 |  2458| 0.008199 |
NGC 0533 GROUP| 21.37458 |   1.76278 |  5212| 0.017385 |
ABELL 0195| 21.72570 |  19.17587 | 12891| 0.043000 |210
ABELL 0260| 27.97456 |  33.16332 | 10882| 0.036300 |50
ABELL 0397| 44.24542 |  15.95060 |  9803| 0.032700 |117
ABELL 0400| 44.41075 |   6.03332 |  7315| 0.024400 |157
ABELL 2419|332.32411 |  17.79586 | 13671| 0.045600 |16
ABELL 2457|338.93833 |   1.47590 | 17808| 0.059400 |46
ABELL 2506|344.14752 |  13.33405 |  8664| 0.028900 |20
ABELL 2513|344.85435 |  26.25164 |  7495| 0.025000 |
ABELL 2572A|349.30500 |  18.70306 | 11872| 0.039601 |
ABELL 2572|349.59827 |  18.74020 | 12082| 0.040300 |50
ABELL 2572B|349.62583 |  18.68889 | 11332| 0.037800 |
ABELL 2589|351.00219 |  16.82472 | 12411| 0.041400 |
ABELL 2593-N|351.07500 |  14.63333 | 12331| 0.041132 |
ABELL 2593-S|351.10000 |  13.96667 | 12708| 0.042389 |
ABELL 2593|351.12920 |  14.64148 | 12381| 0.041300 |50
ABELL 2626|354.12916 |  21.16009 | 16579| 0.055300 |79
ABELL 2634|354.57658 |  27.02696 |  9409| 0.031385 |361
ABELL 2657|356.21253 |   9.14434 | 12052| 0.040200 |46
ABELL 2665|357.68935 |   6.11143 | 16668| 0.055600 |58
ABELL 2666|357.73429 |  27.14474 |  8042| 0.026825 |50
ABELL 0671|127.12200 |  30.41684 | 15050| 0.050200 |50
ABELL 0779|139.96178 |  33.77142 |  6742| 0.022489 |90
ABELL 0860|145.89670 |   2.10370 | 10193| 0.034000 |20
ABELL 0999|155.84220 |  12.84667 |  9683| 0.032300 |50
ABELL 1016|156.76246 |  10.97817 |  9653| 0.032200 |67
ABELL 1100|162.22623 |  22.23543 | 13880| 0.046300 |40
ABELL 1108|162.46568 |  16.21839 |  6502| 0.021690 |50
ABELL 1114|162.84654 |  20.15117 |  4197| 0.014000 |18
ABELL 1137|164.40374 |   9.61563 | 10470| 0.034924 |30
ABELL 1139|164.51779 |   1.49879 | 11932| 0.039800 |70
ABELL 1142|165.22930 |  10.54789 | 10463| 0.034900 |60
ABELL 1177|167.36565 |  21.69540 |  9473| 0.031600 |50
ABELL 1185|167.69913 |  28.67839 |  9743| 0.032500 |80
ABELL 1185D|167.69913 |  28.67839 |  6597| 0.022005 |
ABELL 1213|169.12113 |  29.26029 | 14060| 0.046900 |50
ABELL 1213A|169.12115 |  29.27696 |  8068| 0.026912 |
ABELL 1215|169.86959 |   4.34289 | 14810| 0.049400 |26
ABELL 1228|170.37369 |  34.32585 | 10553| 0.035200 |80
ABELL 1228B|170.37371 |  34.34252 | 12714| 0.042409 |
ABELL 1228C|170.37371 |  34.34252 |  8690| 0.028987 |
ABELL 1257|171.52103 |  35.32494 | 10313| 0.034400 |123
ABELL 1267|171.98621 |  26.85792 |  9863| 0.032900 |153
ABELL 1365 NED01|175.45000 |  31.18333 | 17697| 0.059031 |
ABELL 1367|176.12305 |  19.83905 |  6595| 0.022000 |266
ABELL 1541A|186.86065 |   8.84009 |  7327| 0.024440 |
ABELL 1541C|186.86065 |   8.84009 |  1044| 0.003482 |
COMA CLUSTER|194.95305 |  27.98069 |  6925| 0.023100 |319
ABELL 1825|209.48917 |  20.65700 | 17838| 0.059500 |28
ABELL 1890|214.39294 |   8.18610 | 17208| 0.057400 |36
ABELL 1899|215.33937 |  17.68877 | 16069| 0.053600 |26
ABELL 1913|216.71584 |  16.67601 | 15829| 0.052800 |40
ABELL 1983B|222.43333 |  16.89333 | 11332| 0.037799 |
ABELL 1982|222.80339 |  30.72825 | 16189| 0.054000 |28
ABELL 1983|223.18334 |  16.74606 | 13071| 0.043600 |123
ABELL 1991|223.62593 |  18.63088 | 17598| 0.058700 |50
ABELL 1991 NED01|223.62593 |  18.63088 | 13190| 0.043997 |
ABELL 2020|225.93768 |   7.92200| 17328| 0.057800 |  
ABELL 2022|226.08225 |  28.42267 | 17328| 0.057800 |40
ABELL 2022B|226.08225 |  28.42267 |  9144| 0.030500 |
ABELL 2023|226.45537 |   2.85710 | 16399| 0.054700 |20
ABELL 2025|226.67684 |  34.45815 | 13551| 0.045200 |18
ABELL 2040|228.18845 |   7.42996 |13790| 0.046000 |32
ABELL 2040A|228.18845 |   7.42996 | 10085| 0.033640 |
ABELL 2040 NED01|228.18845 |   7.42996 | 13790| 0.046000 |
ABELL 2048 NED01|228.82441 |   4.38224 | 11992| 0.040000 |
ABELL 2052|229.18963 |   7.00026 | 10640| 0.035491 |
ABELL 2063-S|230.47500 |   8.41667 | 13876| 0.046285 |
ABELL 2063|230.75777 |   8.63942 | 10474| 0.034937 |101
ABELL 2107|234.94964 |  21.77239 | 12336| 0.041148 |
ABELL 2129|237.10535 |  20.04770 |  8994| 0.030000 |16
ABELL 2147|240.57157 |  15.89536 | 10493| 0.035000 |100
ABELL 2148 NED01|240.82493 |  25.46320 |  7955| 0.026535 |
ABELL 2148 NED02|240.82493 |  25.46320 | 12730| 0.042463 |
HERCULES CLUSTER|241.31246 |  17.74852 | 10972| 0.036600 |378
ABELL 2151C|241.31458 |  17.66250 | 10650| 0.035525 |
ABELL 2152|241.34350 |  16.44864 | 12291| 0.041000 |50
ABELL 2151'|241.35792 |  17.79731 | 11070|0.036926|
ABELL 2151N|241.47917 |  18.14083 | 11445| 0.038176 |
ABELL 2151E|241.71618 |  17.78080 |  9623| 0.032100 |
ABELL 2162|243.12498 |  29.53977 |  9653| 0.032200 |356
ABELL 2162 NED01|243.12498 |  29.53977 | 15563| 0.051912 |
ABELL 2162-N|243.30000 |  30.90000 | 14918| 0.049761 |
ABELL 2173|245.07604 |   8.89803 | 15170| 0.050600 |22
