101386          0007576+005053   26  20 168     0  30768-99      0      0       0   0        00   0  0  0    0  9  0
101387          0008016+003404   16  13 177     0  34245-99      0      0       0   0        00   0  0  0    0  9  0
101388          0008078+011343   22  12 176     0  30064-99      0      0       0   0        00   0  0  0    0  9  0
101389          0008130+004730   30  29 164     0  27865-99      0      0       0   0        00   0  0  0    0  9  0
101390          0008185+003846   16  12 181     0  33887-99      0      0       0   0        00   0  0  0    0  9  0
102340          0008237+010323   10   8 171     0  16391-99      0      0       0   0        00   0  0  0    0  9  0
102341          0008265+002209   49   9 182     0  16373-99      0      0       0   0        00   0  0  0    0  9  0
102343          0008375+005603   32  29 170     0  14819-99      0      0       0   0        00   0  0  0    0  9  0
102344          0008399+010900   41  25 178     0  14437-99      0      0       0   0        00   0  0  0    0  9  0
101391          0008585+001823   23  11 175     0  30513-99      0      0       0   0        00   0  0  0    0  9  0
102345          0009117+003922   33  30 168     0  17849-99      0      0       0   0        00   0  0  0    0  9  0
101737          0009142+010614    7   4 188     0  59659-98      0      0       0   0        00   0  0  0    0  9  0
101135          0009156+004845   16  16 171     0   5810-99      0      0       0   0        00   0  0  0    0  9  0
101392          0009178+011300   22  13 176     0  31172-99      0      0       0   0        00   0  0  0    0  9  0
    83  FGC  11 0009195+003556  110  12 165   140   9966 -1      0      0       0   0        00   0  0  0   39  6  0
101393          0009270+002919   16  14 174     0  32421-99      0      0       0   0        00   0  0  0    0  9  0
101394          0009286+002539   14  12 177     0  30449-99      0      0       0   0        00   0  0  0    0  9  0
102346 M+001030 0009364+005310   46  36 163     0  15819-99      0      0       0   0        00   0  0  0    0  9  0
102347          0009400+023419   30   8 201     0  11392-99      0      0       0   0        00   0  0  0    0  9  0
102348          0009431+005927    8   7 195     0  17864-99      0      0       0   0        00   0  0  0    0  9  0
101250          0009450+003458   11  10 189     0  50445-99      0      0       0   0        00   0  0  0    0  9  0
101395          0009512+005547   26  17 165     0  34220-99      0      0       0   0        00   0  0  0    0  9  0
101396          0009592+005454   19  14 175     0  33229-99      0      0       0   0        00   0  0  0    0  9  0
102350 M+001031 0010072+001943   55  24 163   150  11657-99    105    309   11725 225  A50   J8  75  0  0    0  9  0
101397          0010154+002803   21  17 168     0  32536-99      0      0       0   0        00   0  0  0    0  9  0
101398          0010155+011009   15  14 176     0  34344-99      0      0       0   0        00   0  0  0    0  9  0
101251          0010193+005634    0   0 188     0  47241-99      0      0       0   0        00   0  0  0    0  9  0
102352          0010256+005820   47  21 171     0  17975-99      0      0       0   0        00   0  0  0    0  9  0
101399          0010305+003638   18  14 176     0  34107-99      0      0       0   0        00   0  0  0    0  9  0
101400          0010314+003508    0   0 163     0  34273-99      0      0       0   0        00   0  0  0    0  9  0
102353          0010343+013026   27  25 172   170  11713-99    121    311   11565 145  A50   J8  75  0  0    0  9  0
103462 M+001033 0010387+013224   40  25 165   120      0  0      0      0       0   0        J2  75  0  0    0  8  0
101401          0010391+002828    0   0 168     0  31552-99      0      0       0   0        00   0  0  0    0  9  0
101402          0010489+004412   24  14 173     0  33331-99      0      0       0   0        00   0  0  0    0  9  0
101403          0010537+004812   29  16 174     0  34217-99      0      0       0   0        00   0  0  0    0  9  0
102354          0011006+010016   42  23 173     0  15509-99      0      0       0   0        00   0  0  0    0  9  0
100072  382-030 0011063+024040   75  55 156   150  12752  1    162    123   12760 423  F50   01  52  0  0    0  9  0
101738          0011078+003551   11   5 181   300  46468-98      0      0       0   0        00   0  0  0    0  9  7
101404          0011087+005043    0   0 170     0  32498-99      0      0       0   0        00   0  0  0    0  9  0
101405          0011147+002840   43  26 157     0  32453-99      0      0       0   0        00   0  0  0    0  9  0
102355          0011209+011056   20  16 176     0  11639-99      0      0       0   0        00   0  0  0    0  9  0
101406          0011210+002826   23  20 173     0  30236-99      0      0       0   0        00   0  0  0    0  9  0
102356          0011222+010042   18  17 173     0  15769-99      0      0       0   0        00   0  0  0    0  9  0
101407          0011287+002411   26  12 176     0  33547-99      0      0       0   0        00   0  0  0    0  9  0
101408          0011413+002514   15  13 175     0  33484-99      0      0       0   0        00   0  0  0    0  9  0
103429          0011445+014322   60  33 164   150      0  0    157    278    3967 152  A50   J8  75  0  0    0  8  0
101409          0011491+004735   17  14 178     0  33031-99      0      0       0   0        00   0  0  0    0  9  0
101410          0012026+002000   19  16 171     0  32444-99      0      0       0   0        00   0  0  0    0  9  0
101411          0012028+003710   17  14 176     0  32843-99      0      0       0   0        00   0  0  0    0  9  0
101412          0012057+001851   19  18 169     0  32316-99      0      0       0   0        00   0  0  0    0  9  0
100082 382-033A 0012098+014640   40  40 162   300      0  0      0      0       0   0        00   0  0  0    0  0  0
101413          0012118+001811   19  11 173     0  32378-99      0      0       0   0        00   0  0  0    0  9  0
102357          0012128+002935   37  25 175     0  13311-99      0      0       0   0        00   0  0  0    0  9  0
103479 HIdetHVC 0012318+015841    0   0   0     0      0  0    608   1930    -275  31  A50   J8  75  0  0    0  0  0
101414          0012376+001932   24  13 173     0  33325-99      0      0       0   0        00   0  0  0    0  9  0
101415          0012405+011309   25  18 170     0  28222-99      0      0       0   0        00   0  0  0    0  9  0
102359          0012423+004024   51  27 166   300  11946-99    134    311   11962 227  A50   J8  75  0  0    0  9  0
102360          0012476+003123   54   9 179   300  14017-99      0      0       0   0        00   0  0  0    0  9  0
102361          0012479+011214   34  19 172     0  11831-99      0      0       0   0        00   0  0  0    0  9  0
103463          0012504+002540   12   8 178   300      0  0      0      0       0   0        J2  75  0  0    0  8  0
101416          0012548+002254   24  17 167     0  32785-99      0      0       0   0        00   0  0  0    0  9  0
102363          0012567+002518   36  28 165   110  11605-99      0      0       0   0        00   0  0  0    0  9  0
101739          0013111+005424    9   6 189     0  63556-98      0      0       0   0        00   0  0  0    0  9  0
102364          0013122+004435   54  50 155     0  11623-99      0      0       0   0        00   0  0  0    0  9  0
102365          0013125+010228   46  13 172     0  11720-99      0      0       0   0        00   0  0  0    0  9  0
101417          0013217+005140   26  18 167     0  31896-99      0      0       0   0        00   0  0  0    0  9  0
101418          0013244+005503    0   0 163     0  31534-99      0      0       0   0        00   0  0  0    0  9  0
101419          0013245+003507   21  15 170     0  33250-99      0      0       0   0        00   0  0  0    0  9  0
101136          0013285+010220   30  20 165   100   9613-99      0      0       0   0        00   0  0  0    0  9  0
100962          0013314+024511    0   0   0     0  47672-38      0      0       0   0        00   0  0  0    0  0  0
101137          0013439+002217   21  14 176   420   3952-99     39    324    3971  17  A50   J8  75  0  0    0  9  0
103430A         0013528+014605   76  13 162   150      0  0    188    273    9703 244  A50   J8  75  0  0    0  8  0
103431B         0013547+014634   30  18 168   300      0  0      0      0       0   0        00   0  0  0    0  8  0
102367          0013552+011246   22  21 181     0  11883-99      0      0       0   0        00   0  0  0    0  9  0
101420          0014006+001711   17  11 174     0  33209-99      0      0       0   0        00   0  0  0    0  9  0
103432          0014082+014833   44  24 165   300      0  0      0      0       0   0        00   0  0  0    0  8  0
102368          0014126+011010   58  28 164   300  11692-99      0      0       0   0        00   0  0  0    0  9  0
101788  FGC  25 0014154+015542   87  11 168   150      0  0    168    312   13234 426  A50   J8  75  0  0  128  8  0
101421          0014157+001718    0   0 175     0  33278-99      0      0       0   0        00   0  0  0    0  9  0
103418          0014174+021529   60  25 165   300      0  0      0      0       0   0        00   0  0  0    0  0  0
102370          0014175+010405   46  45 159     0  11850-99      0      0       0   0        00   0  0  0    0  9  0
102371          0014194+011255   39  21 169     0  11938-99      0      0       0   0        00   0  0  0    0  9  0
101422          0014216+002647    0   0 176     0  27899-99      0      0       0   0        00   0  0  0    0  9  0
401477          0014232+001633   21  15 167     0  33004-99      0      0       0   0        00   0  0  0    0  9  0
102372          0014262+010351   49  39 158     0  11980-99      0      0       0   0        00   0  0  0    0  9  0
102374          0014273+010734   28  25 169     0  12048-99      0      0       0   0        00   0  0  0    0  9  0
101423          0014323+003537   20  12 177     0  31507-99      0      0       0   0        00   0  0  0    0  9  0
103433A   UM218 0014326+002921   20  12 170   300  11635-98    157    346   11621 220  A50   J8  75  0  0    0  8  0
103434B         0014338+002918   18  12 180   410      0  0      0      0       0   0        00   0  0  0    0  8  0
101424          0014436+002638   25  22 170     0  34238-99      0      0       0   0        00   0  0  0    0  9  0
101252          0014514+010906   29  16 174     0  48044-99      0      0       0   0        00   0  0  0    0  9  0
102375          0014600+023448   13   7 187     0  17941-99      0      0       0   0        00   0  0  0    0  9  0
101425          0015163+003357   20  12 176     0  27900-99      0      0       0   0        00   0  0  0    0  9  0
103435          0015211+010430   40  25 175   180   2066-98     99    294    2048  24  A50   J8  75  0  0    0  5  0
100967          0015297+003823   61  53 163   300  12082-98      0      0       0   0        00   0  0  0    0  8  0
101426          0015336+004517   17  10 175     0  31597-99      0      0       0   0        00   0  0  0    0  9  0
101427          0015339+001955   15  14 174     0  31309-99      0      0       0   0        00   0  0  0    0  9  0
102376          0015433+023708    0   0 175     0  17688-99      0      0       0   0        00   0  0  0    0  9  0
101138          0015553+021210   20  20 155   180   5440-99      0      0       0   0        00   0  0  0    0  9  0
101253          0015578+003348   22  15 173     0  52026-99      0      0       0   0        00   0  0  0    0  9  0
102377          0015583+004302   25  14 181     0  12085-99      0      0       0   0        00   0  0  0    0  9  0
102378          0016067+002508   34  17 178     0  12261-99      0      0       0   0        00   0  0  0    0  9  0
100968          0016098+025657    0   0   0     0  25185-38      0      0       0   0        00   0  0  0    0  0  0
102379          0016208+011114   30  11 179     0  13155-99      0      0       0   0        00   0  0  0    0  9  0
100755   MK 942 0016212+004718    0   0 165     0  13284-98      0      0       0   0        00   0  0  0    0  0  0
101428          0016223+011527   26  18 169     0  31475-99      0      0       0   0        00   0  0  0    0  9  0
101429          0016296+001851   30  11 172     0  34255-99      0      0       0   0        00   0  0  0    0  9  0
100127  382-038 0016369+013202   50  40 157   140  12235-99    228    290   12131 276  A50   J8  75  0  0    0  9  0
102380          0016383+003305   18  17 180     0  13438-99      0      0       0   0        00   0  0  0    0  9  0
101647A382-039a 0016390+013555   50  20   0   300      0-99      0      0       0   0        00   0  0  0    0  9  0
100129B382-039b 0016396+013638   90  80 149   120  13407-99    187    304   13394 412  A50   J8  75  0  0    0  9  0
   154          0016412+022740  120 120 180   400   4135-99    167    513    4110  65  F50   01  52  0  0    0  6  0
102608          0016463+011237   50  40 163   100  13211-98      0      0       0   0        00   0  0  0    0  8  0
100130  382-040 0016469+004215   90  90 155    10  13438 -1      0      0       0   0        00   0  0  0    0  9  0
102381          0016477+011428   37  22 169   300  13241-99    172    309   13252 236  A50   J8  75  0  0    0  9  0
102382          0016521+010301   22  17 182     0  13485-99      0      0       0   0        00   0  0  0    0  9  0
102383          0016566+010134   42  13 172     0  13544-99      0      0       0   0        00   0  0  0    0  9  0
101254          0017033+004436   16  15 177     0  51702-99      0      0       0   0        00   0  0  0    0  9  0
102384          0017056+003811   15  10 172     0  13582-99      0      0       0   0        00   0  0  0    0  9  0
103427          0017060+011527   40  10 170   300  12890-98      0      0       0   0        00   0  0  0    0  8  0
101430          0017079+011506   24  16 166     0  31709-99      0      0       0   0        00   0  0  0    0  9  0
101255          0017117+005115   13  13 175     0  51896-99      0      0       0   0        00   0  0  0    0  9  0
101740          0017178+003256   15   9 176     0  58160-98      0      0       0   0        00   0  0  0    0  9  0
101431          0017198+003913   17  12 176     0  27753-99      0      0       0   0        00   0  0  0    0  9  0
102385          0017198+004628   60  30 166     0  13239-99      0      0       0   0        00   0  0  0    0  9  0
102609          0017281+004445   20  15 182   170      0-98      0      0       0   0        00   0  0  0    0  8  0
101741          0017300+003608   13   7 182     0  46768-98      0      0       0   0        00   0  0  0    0  9  0
101432          0017326+004428    0   0 170     0  27596-99      0      0       0   0        00   0  0  0    0  9  0
102610          0017345+004434   53  43 158   100  13331-98      0      0       0   0        00   0  0  0    0  8  0
101256          0017357+005827   11  10 189     0  51768-99      0      0       0   0        00   0  0  0    0  9  0
101139          0017399+003022    0   0 168     0   5192-99      0      0       0   0        00   0  0  0    0  9  0
102387          0017478+001656   42  15 173   300  15149-99      0      0       0   0        00   0  0  0    0  9  0
102388          0017486+004260   19  16 177     0  14214-99      0      0       0   0        00   0  0  0    0  9  0
102389          0017490+005557   16   9 188     0  14055-99      0      0       0   0        00   0  0  0    0  9  0
102727B382-042b 0017542+001946   27  24 172   300   5311-98      0      0       0   0        00   0  0  0    0  8  0
100875  382-042 0017553+002006   90  60 155     0   5380-37      0      0       0   0        00   0  0  0    0  9  0
100144A382-042a 0017554+002007   95  45 155   140   5403-98    206    295    5410 158  A50   J8  75  0  0    0  8  0
101257          0017559+010830   12   9 188     0  50143-99      0      0       0   0        00   0  0  0    0  9  0
102390          0017566+003619   36  12 177     0  14192-99      0      0       0   0        00   0  0  0    0  9  0
101742          0017569+002914   13   7 179     0  46768-98      0      0       0   0        00   0  0  0    0  9  0
101258          0017585+010620   16  15 171     0  49106-99      0      0       0   0        00   0  0  0    0  9  0
102391          0018060+004218   23  16 177     0  13113-99      0      0       0   0        00   0  0  0    0  9  0
102393          0018171+003735   32  20 178     0  14064-99      0      0       0   0        00   0  0  0    0  9  0
102394          0018267+003520   45  22 171     0  14216-99      0      0       0   0        00   0  0  0    0  9  0
101259          0018270+005558   12  12 175     0  51997-99      0      0       0   0        00   0  0  0    0  9  0
102395          0018273+003801   17  10 162     0  14159-99      0      0       0   0        00   0  0  0    0  9  0
102396          0018319+001938   37   9 179     0  13003-99      0      0       0   0        00   0  0  0    0  9  0
729548          0018369+003930   20   8 161     0  14154-98      0      0       0   0        00   0  0  0    0  8  0
101433          0018372+002451   23  19 172     0  28924-99      0      0       0   0        00   0  0  0    0  9  0
101434          0018403+001954   22  17 176     0  28559-99      0      0       0   0        00   0  0  0    0  9  0
101435          0018412+003304   21  18 175     0  27975-99      0      0       0   0        00   0  0  0    0  9  0
101436          0018457+002112   48  10 168     0  28113-99      0      0       0   0        00   0  0  0    0  9  0
101437          0018580+005015   18  14 174     0  31772-99      0      0       0   0        00   0  0  0    0  9  0
101438          0018587+011129   18  14 174     0  31160-99      0      0       0   0        00   0  0  0    0  9  0
101140          0019007+003942    0   0 177     0   5396-99      0      0       0   0        00   0  0  0    0  9  0
100978          0019018+015109    0   0   0   110  17611-38      0      0       0   0        00   0  0  0    0  8  0
101439          0019074+010941   25  11 174     0  31508-99      0      0       0   0        00   0  0  0    0  9  0
101440          0019141+004300   25  15 174     0  29162-99      0      0       0   0        00   0  0  0    0  9  0
101441          0019199+003036   15  10 172     0  31580-99      0      0       0   0        00   0  0  0    0  9  0
101442          0019200+005831   15  10 184     0  31696-99      0      0       0   0        00   0  0  0    0  9  0
101443          0019207+001653   21  18 167     0  31748-99      0      0       0   0        00   0  0  0    0  9  0
101444          0019217+003610   20  14 171     0  31463-99      0      0       0   0        00   0  0  0    0  9  0
101260          0019255+002607    0   0 187     0  49466-99      0      0       0   0        00   0  0  0    0  9  0
101445          0019258+005751   23  15 165     0  31578-99      0      0       0   0        00   0  0  0    0  9  0
101446          0019334+005301   18  15 176     0  31311-99      0      0       0   0        00   0  0  0    0  9  0
101447          0019400+005200   46  11 167     0  31555-99      0      0       0   0        00   0  0  0    0  9  0
101793  FGC  74 0019416+002232  106  12 164   160  12388-99    264    321   12377 376  A50   J8  75  0  0  146  0  0
729550          0019440+002238   33  16 171     0  12339-98      0      0       0   0        00   0  0  0    0  8  0
101141 M+002002 0019472+003526   20  18 149     0   5326-99      0      0       0   0        00   0  0  0    0  9  0
